 -24.900  -1.1178   0.21344   0.21121   0.0576   1.0000   0.0177
 -24.800  -1.1228   0.21045   0.20818   0.0554   1.0000   0.0179
 -24.700  -1.1264   0.20779   0.20549   0.0534   1.0000   0.0180
 -24.600  -1.1319   0.20472   0.20237   0.0512   1.0000   0.0182
 -24.500  -1.1359   0.20205   0.19967   0.0492   1.0000   0.0183
 -24.400  -1.1388   0.19968   0.19727   0.0474   1.0000   0.0184
 -24.300  -1.1429   0.19703   0.19457   0.0455   1.0000   0.0185
 -24.200  -1.1473   0.19434   0.19184   0.0435   1.0000   0.0186
 -24.100  -1.1499   0.19208   0.18955   0.0419   1.0000   0.0187
 -24.000  -1.1529   0.18976   0.18719   0.0402   1.0000   0.0188
 -23.900  -1.1570   0.18720   0.18459   0.0384   1.0000   0.0189
 -23.800  -1.1600   0.18490   0.18225   0.0367   1.0000   0.0190
 -23.700  -1.1623   0.18279   0.18011   0.0352   1.0000   0.0190
 -23.600  -1.1645   0.18067   0.17796   0.0337   1.0000   0.0191
 -23.500  -1.1680   0.17828   0.17553   0.0320   1.0000   0.0191
 -23.400  -1.1691   0.17655   0.17378   0.0308   1.0000   0.0193
 -23.300  -1.1685   0.17519   0.17241   0.0298   1.0000   0.0194
 -23.200  -1.1683   0.17370   0.17093   0.0288   1.0000   0.0196
 -23.100  -1.1685   0.17213   0.16935   0.0277   1.0000   0.0197
 -23.000  -1.1690   0.17047   0.16768   0.0266   1.0000   0.0198
 -22.900  -1.1699   0.16874   0.16593   0.0254   1.0000   0.0199
 -22.800  -1.1714   0.16685   0.16403   0.0241   1.0000   0.0200
 -22.700  -1.1741   0.16473   0.16189   0.0227   1.0000   0.0201
 -22.600  -1.1763   0.16273   0.15987   0.0214   1.0000   0.0202
 -22.500  -1.1779   0.16085   0.15797   0.0202   1.0000   0.0203
 -22.400  -1.1798   0.15895   0.15605   0.0189   1.0000   0.0204
 -22.300  -1.1821   0.15695   0.15403   0.0177   1.0000   0.0205
 -22.200  -1.1857   0.15470   0.15175   0.0163   1.0000   0.0206
 -22.100  -1.1883   0.15266   0.14969   0.0150   1.0000   0.0207
 -22.000  -1.1905   0.15073   0.14773   0.0138   1.0000   0.0208
 -21.900  -1.1932   0.14871   0.14569   0.0126   1.0000   0.0209
 -21.800  -1.1971   0.14645   0.14340   0.0112   1.0000   0.0209
 -21.700  -1.2007   0.14426   0.14118   0.0099   1.0000   0.0210
 -21.600  -1.2034   0.14223   0.13913   0.0088   1.0000   0.0211
 -21.500  -1.2066   0.14014   0.13701   0.0076   1.0000   0.0212
 -21.400  -1.2110   0.13782   0.13465   0.0062   1.0000   0.0213
 -21.300  -1.2150   0.13560   0.13240   0.0050   1.0000   0.0214
 -21.200  -1.2183   0.13351   0.13028   0.0038   1.0000   0.0215
 -21.100  -1.2224   0.13130   0.12804   0.0026   1.0000   0.0216
 -21.000  -1.2278   0.12886   0.12556   0.0013   1.0000   0.0216
 -20.900  -1.2315   0.12675   0.12342   0.0002   1.0000   0.0217
 -20.800  -1.2357   0.12457   0.12121  -0.0010   1.0000   0.0218
 -20.700  -1.2413   0.12214   0.11874  -0.0022   1.0000   0.0219
 -20.600  -1.2457   0.11993   0.11649  -0.0034   1.0000   0.0219
 -20.500  -1.2498   0.11775   0.11428  -0.0045   1.0000   0.0220
 -20.400  -1.2556   0.11531   0.11180  -0.0057   1.0000   0.0220
 -20.300  -1.2601   0.11311   0.10955  -0.0068   1.0000   0.0221
 -20.200  -1.2645   0.11092   0.10732  -0.0078   1.0000   0.0222
 -20.100  -1.2704   0.10850   0.10486  -0.0090   1.0000   0.0222
 -20.000  -1.2748   0.10635   0.10268  -0.0100   1.0000   0.0223
 -19.900  -1.2808   0.10397   0.10026  -0.0112   1.0000   0.0223
 -19.800  -1.2889   0.10130   0.09755  -0.0124   1.0000   0.0224
 -19.700  -1.2970   0.09863   0.09484  -0.0136   1.0000   0.0225
 -19.600  -1.3057   0.09586   0.09203  -0.0149   1.0000   0.0226
 -19.500  -1.3133   0.09328   0.08942  -0.0161   1.0000   0.0227
 -19.400  -1.3217   0.09059   0.08669  -0.0173   1.0000   0.0228
 -19.300  -1.3294   0.08804   0.08410  -0.0184   1.0000   0.0228
 -19.200  -1.3372   0.08548   0.08150  -0.0196   1.0000   0.0229
 -19.100  -1.3448   0.08295   0.07893  -0.0207   1.0000   0.0230
 -19.000  -1.3517   0.08055   0.07648  -0.0217   1.0000   0.0231
 -18.900  -1.3589   0.07810   0.07399  -0.0228   1.0000   0.0231
 -18.800  -1.3653   0.07581   0.07166  -0.0238   1.0000   0.0232
 -18.700  -1.3716   0.07354   0.06935  -0.0247   1.0000   0.0233
 -18.600  -1.3776   0.07133   0.06710  -0.0256   1.0000   0.0233
 -18.500  -1.3830   0.06923   0.06496  -0.0265   1.0000   0.0234
 -18.400  -1.3883   0.06713   0.06282  -0.0274   1.0000   0.0235
 -18.300  -1.3928   0.06517   0.06083  -0.0281   1.0000   0.0236
 -18.200  -1.3972   0.06324   0.05886  -0.0289   1.0000   0.0237
 -18.100  -1.4011   0.06138   0.05695  -0.0296   1.0000   0.0238
 -18.000  -1.4045   0.05964   0.05517  -0.0302   1.0000   0.0239
 -17.900  -1.4079   0.05788   0.05337  -0.0309   1.0000   0.0240
 -17.800  -1.4107   0.05624   0.05169  -0.0315   1.0000   0.0241
 -17.700  -1.4131   0.05465   0.05007  -0.0320   1.0000   0.0242
 -17.600  -1.4154   0.05308   0.04846  -0.0325   1.0000   0.0243
 -17.500  -1.4173   0.05159   0.04693  -0.0330   1.0000   0.0244
 -17.400  -1.4188   0.05016   0.04546  -0.0335   1.0000   0.0245
 -17.300  -1.4202   0.04876   0.04402  -0.0339   1.0000   0.0246
 -17.200  -1.4210   0.04745   0.04268  -0.0342   1.0000   0.0248
 -17.100  -1.4218   0.04616   0.04135  -0.0346   1.0000   0.0249
 -17.000  -1.4221   0.04494   0.04010  -0.0348   1.0000   0.0250
 -16.900  -1.4220   0.04378   0.03890  -0.0351   1.0000   0.0251
 -16.800  -1.4214   0.04267   0.03775  -0.0353   1.0000   0.0252
 -16.700  -1.4206   0.04162   0.03666  -0.0355   1.0000   0.0254
 -16.600  -1.4196   0.04059   0.03559  -0.0357   1.0000   0.0255
 -16.500  -1.4178   0.03967   0.03463  -0.0358   1.0000   0.0256
 -16.400  -1.4157   0.03878   0.03371  -0.0359   1.0000   0.0257
 -16.300  -1.4164   0.03763   0.03252  -0.0360   1.0000   0.0258
 -16.200  -1.4187   0.03632   0.03118  -0.0361   1.0000   0.0260
 -16.100  -1.4201   0.03514   0.02997  -0.0361   1.0000   0.0262
 -16.000  -1.4203   0.03409   0.02889  -0.0360   1.0000   0.0264
 -15.900  -1.4196   0.03316   0.02793  -0.0359   1.0000   0.0266
 -15.800  -1.4183   0.03232   0.02706  -0.0358   1.0000   0.0268
 -15.700  -1.4165   0.03153   0.02625  -0.0357   1.0000   0.0270
 -15.600  -1.4142   0.03080   0.02551  -0.0355   1.0000   0.0272
 -15.500  -1.4115   0.03012   0.02480  -0.0352   1.0000   0.0274
 -15.400  -1.4085   0.02949   0.02414  -0.0350   1.0000   0.0276
 -15.300  -1.4052   0.02888   0.02352  -0.0347   1.0000   0.0278
 -15.200  -1.4014   0.02833   0.02294  -0.0345   1.0000   0.0280
 -15.100  -1.3976   0.02780   0.02238  -0.0342   1.0000   0.0282
 -15.000  -1.3936   0.02729   0.02185  -0.0338   1.0000   0.0285
 -14.900  -1.3893   0.02681   0.02135  -0.0335   1.0000   0.0287
 -14.800  -1.3846   0.02637   0.02088  -0.0332   1.0000   0.0289
 -14.700  -1.3798   0.02594   0.02042  -0.0328   1.0000   0.0291
 -14.600  -1.3746   0.02555   0.02001  -0.0325   1.0000   0.0293
 -14.400  -1.3684   0.02450   0.01891  -0.0314   1.0000   0.0299
 -14.300  -1.3661   0.02395   0.01834  -0.0308   1.0000   0.0302
 -14.200  -1.3627   0.02347   0.01785  -0.0301   1.0000   0.0305
 -14.100  -1.3587   0.02305   0.01741  -0.0296   1.0000   0.0308
 -14.000  -1.3543   0.02266   0.01701  -0.0290   1.0000   0.0311
 -13.900  -1.3495   0.02231   0.01664  -0.0284   1.0000   0.0314
 -13.800  -1.3444   0.02198   0.01630  -0.0279   1.0000   0.0317
 -13.700  -1.3391   0.02167   0.01597  -0.0273   1.0000   0.0320
 -13.600  -1.3335   0.02137   0.01566  -0.0268   1.0000   0.0323
 -13.500  -1.3278   0.02109   0.01536  -0.0262   1.0000   0.0326
 -13.400  -1.3219   0.02083   0.01507  -0.0256   1.0000   0.0329
 -13.300  -1.3159   0.02058   0.01481  -0.0251   1.0000   0.0332
 -13.200  -1.3095   0.02036   0.01455  -0.0245   1.0000   0.0335
 -13.100  -1.3038   0.02010   0.01428  -0.0239   1.0000   0.0337
 -13.000  -1.3004   0.01972   0.01388  -0.0229   1.0000   0.0342
 -12.900  -1.2960   0.01940   0.01356  -0.0221   1.0000   0.0347
 -12.800  -1.2910   0.01913   0.01328  -0.0213   1.0000   0.0351
 -12.700  -1.2855   0.01888   0.01303  -0.0206   1.0000   0.0355
 -12.600  -1.2797   0.01866   0.01280  -0.0198   1.0000   0.0359
 -12.500  -1.2738   0.01846   0.01259  -0.0191   1.0000   0.0364
 -12.400  -1.2678   0.01827   0.01239  -0.0183   1.0000   0.0368
 -12.300  -1.2616   0.01809   0.01220  -0.0176   1.0000   0.0372
 -12.200  -1.2553   0.01793   0.01202  -0.0168   1.0000   0.0376
 -12.100  -1.2487   0.01779   0.01185  -0.0161   1.0000   0.0380
 -12.000  -1.2428   0.01760   0.01165  -0.0153   1.0000   0.0384
 -11.900  -1.2379   0.01733   0.01138  -0.0143   1.0000   0.0391
 -11.800  -1.2319   0.01711   0.01116  -0.0136   1.0000   0.0396
 -11.700  -1.2255   0.01691   0.01097  -0.0129   1.0000   0.0402
 -11.600  -1.2187   0.01674   0.01078  -0.0122   1.0000   0.0407
 -11.500  -1.2118   0.01657   0.01061  -0.0115   1.0000   0.0413
 -11.400  -1.2047   0.01642   0.01045  -0.0108   1.0000   0.0419
 -11.300  -1.1975   0.01628   0.01030  -0.0102   1.0000   0.0424
 -11.200  -1.1902   0.01616   0.01016  -0.0095   1.0000   0.0429
 -11.100  -1.1832   0.01602   0.01001  -0.0088   1.0000   0.0433
 -11.000  -1.1780   0.01581   0.00980  -0.0078   1.0000   0.0442
 -10.900  -1.1722   0.01562   0.00962  -0.0069   1.0000   0.0449
 -10.800  -1.1660   0.01547   0.00947  -0.0061   1.0000   0.0456
 -10.700  -1.1595   0.01532   0.00933  -0.0052   1.0000   0.0464
 -10.600  -1.1530   0.01519   0.00919  -0.0044   1.0000   0.0471
 -10.500  -1.1462   0.01508   0.00907  -0.0036   1.0000   0.0478
 -10.400  -1.1393   0.01498   0.00895  -0.0028   1.0000   0.0484
 -10.300  -1.1330   0.01485   0.00882  -0.0020   1.0000   0.0491
 -10.200  -1.1276   0.01467   0.00865  -0.0009   1.0000   0.0501
 -10.100  -1.1218   0.01452   0.00850   0.0000   1.0000   0.0510
 -10.000  -1.1158   0.01439   0.00837   0.0010   1.0000   0.0519
  -9.900  -1.1095   0.01427   0.00825   0.0019   1.0000   0.0528
  -9.800  -1.1031   0.01416   0.00814   0.0027   1.0000   0.0536
  -9.700  -1.0964   0.01406   0.00803   0.0036   1.0000   0.0544
  -9.500  -1.0842   0.01381   0.00777   0.0054   1.0000   0.0564
  -9.400  -1.0783   0.01367   0.00765   0.0064   1.0000   0.0575
  -9.300  -1.0720   0.01355   0.00753   0.0072   1.0000   0.0587
  -9.200  -1.0648   0.01344   0.00742   0.0079   1.0000   0.0599
  -9.100  -1.0514   0.01332   0.00730   0.0074   0.9995   0.0612
  -9.000  -1.0383   0.01317   0.00715   0.0069   0.9989   0.0628
  -8.900  -1.0254   0.01299   0.00700   0.0063   0.9982   0.0648
  -8.800  -1.0122   0.01284   0.00686   0.0058   0.9976   0.0666
  -8.700  -0.9987   0.01272   0.00674   0.0052   0.9969   0.0683
  -8.600  -0.9851   0.01260   0.00662   0.0046   0.9963   0.0700
  -8.500  -0.9719   0.01242   0.00647   0.0041   0.9956   0.0724
  -8.400  -0.9584   0.01228   0.00634   0.0035   0.9950   0.0748
  -8.300  -0.9445   0.01216   0.00623   0.0028   0.9945   0.0769
  -8.200  -0.9308   0.01202   0.00610   0.0022   0.9939   0.0794
  -8.100  -0.9172   0.01186   0.00597   0.0015   0.9934   0.0823
  -8.000  -0.9032   0.01173   0.00585   0.0009   0.9930   0.0849
  -7.800  -0.8785   0.01147   0.00562   0.0002   0.9907   0.0904
  -7.700  -0.8656   0.01132   0.00550  -0.0003   0.9896   0.0936
  -7.600  -0.8523   0.01121   0.00539  -0.0008   0.9887   0.0964
  -7.500  -0.8390   0.01107   0.00527  -0.0013   0.9877   0.1002
  -7.400  -0.8256   0.01092   0.00516  -0.0019   0.9868   0.1041
  -7.300  -0.8117   0.01081   0.00505  -0.0025   0.9860   0.1074
  -7.200  -0.7980   0.01067   0.00494  -0.0031   0.9852   0.1116
  -7.100  -0.7840   0.01052   0.00483  -0.0038   0.9845   0.1161
  -7.000  -0.7697   0.01041   0.00473  -0.0045   0.9839   0.1199
  -6.900  -0.7557   0.01026   0.00461  -0.0052   0.9833   0.1252
  -6.800  -0.7416   0.01013   0.00451  -0.0059   0.9827   0.1301
  -6.700  -0.7274   0.01001   0.00441  -0.0066   0.9820   0.1345
  -6.600  -0.7141   0.00987   0.00431  -0.0071   0.9811   0.1402
  -6.500  -0.7037   0.00976   0.00422  -0.0070   0.9784   0.1448
  -6.400  -0.6919   0.00965   0.00413  -0.0071   0.9763   0.1497
  -6.300  -0.6798   0.00951   0.00403  -0.0074   0.9743   0.1557
  -6.200  -0.6672   0.00941   0.00395  -0.0077   0.9725   0.1607
  -6.100  -0.6550   0.00928   0.00385  -0.0079   0.9708   0.1667
  -6.000  -0.6425   0.00916   0.00376  -0.0082   0.9692   0.1729
  -5.900  -0.6308   0.00907   0.00368  -0.0083   0.9670   0.1782
  -5.800  -0.6214   0.00895   0.00360  -0.0080   0.9634   0.1845
  -5.700  -0.6108   0.00886   0.00353  -0.0078   0.9602   0.1901
  -5.600  -0.5999   0.00875   0.00344  -0.0077   0.9574   0.1962
  -5.500  -0.5887   0.00864   0.00337  -0.0077   0.9548   0.2031
  -5.300  -0.5684   0.00845   0.00323  -0.0073   0.9477   0.2156
  -5.200  -0.5581   0.00837   0.00316  -0.0070   0.9439   0.2218
  -5.100  -0.5476   0.00828   0.00309  -0.0069   0.9404   0.2281
  -5.000  -0.5370   0.00818   0.00301  -0.0067   0.9372   0.2354
  -4.800  -0.5167   0.00801   0.00289  -0.0062   0.9284   0.2486
  -4.700  -0.5062   0.00794   0.00283  -0.0060   0.9242   0.2555
  -4.500  -0.4854   0.00777   0.00271  -0.0056   0.9157   0.2696
  -4.300  -0.4646   0.00762   0.00259  -0.0052   0.9061   0.2837
  -4.200  -0.4540   0.00757   0.00254  -0.0050   0.9016   0.2907
  -4.100  -0.4435   0.00749   0.00249  -0.0049   0.8965   0.2977
  -4.000  -0.4329   0.00742   0.00244  -0.0047   0.8911   0.3053
  -3.900  -0.4223   0.00737   0.00239  -0.0045   0.8859   0.3121
  -3.800  -0.4118   0.00730   0.00234  -0.0044   0.8807   0.3198
  -3.700  -0.4009   0.00725   0.00230  -0.0042   0.8750   0.3267
  -3.600  -0.3905   0.00718   0.00224  -0.0040   0.8692   0.3343
  -3.500  -0.3798   0.00713   0.00220  -0.0039   0.8637   0.3419
  -3.400  -0.3690   0.00708   0.00216  -0.0038   0.8575   0.3489
  -3.300  -0.3584   0.00702   0.00211  -0.0036   0.8512   0.3568
  -3.100  -0.3369   0.00693   0.00204  -0.0033   0.8389   0.3716
  -3.000  -0.3261   0.00690   0.00200  -0.0032   0.8322   0.3791
  -2.900  -0.3154   0.00685   0.00196  -0.0031   0.8260   0.3866
  -2.800  -0.3046   0.00681   0.00193  -0.0029   0.8191   0.3943
  -2.700  -0.2938   0.00678   0.00190  -0.0028   0.8122   0.4013
  -2.600  -0.2831   0.00673   0.00186  -0.0027   0.8055   0.4094
  -2.500  -0.2721   0.00671   0.00184  -0.0026   0.7982   0.4167
  -2.300  -0.2505   0.00664   0.00178  -0.0023   0.7843   0.4322
  -2.200  -0.2397   0.00661   0.00175  -0.0022   0.7767   0.4392
  -2.100  -0.2290   0.00658   0.00172  -0.0021   0.7698   0.4471
  -2.000  -0.2179   0.00657   0.00170  -0.0020   0.7622   0.4544
  -1.900  -0.2073   0.00654   0.00168  -0.0018   0.7548   0.4623
  -1.800  -0.1962   0.00652   0.00166  -0.0018   0.7474   0.4699
  -1.700  -0.1854   0.00649   0.00164  -0.0017   0.7395   0.4772
  -1.600  -0.1746   0.00647   0.00162  -0.0015   0.7324   0.4854
  -1.500  -0.1636   0.00646   0.00160  -0.0015   0.7245   0.4925
  -1.400  -0.1529   0.00644   0.00158  -0.0013   0.7167   0.5002
  -1.300  -0.1418   0.00643   0.00157  -0.0013   0.7093   0.5080
  -1.200  -0.1310   0.00641   0.00155  -0.0011   0.7013   0.5156
  -1.100  -0.1201   0.00640   0.00154  -0.0010   0.6940   0.5233
  -1.000  -0.1091   0.00639   0.00153  -0.0010   0.6859   0.5306
  -0.900  -0.0985   0.00638   0.00152  -0.0008   0.6781   0.5387
  -0.800  -0.0872   0.00637   0.00151  -0.0008   0.6705   0.5464
  -0.700  -0.0765   0.00636   0.00150  -0.0006   0.6624   0.5538
  -0.600  -0.0655   0.00635   0.00149  -0.0006   0.6550   0.5619
  -0.500  -0.0546   0.00634   0.00149  -0.0005   0.6468   0.5694
  -0.400  -0.0438   0.00634   0.00148  -0.0004   0.6392   0.5773
  -0.200  -0.0220   0.00634   0.00148  -0.0002   0.6235   0.5926
  -0.100  -0.0109   0.00633   0.00147  -0.0001   0.6159   0.6005
  -0.000   0.0000   0.00633   0.00147  -0.0000   0.6080   0.6079
   0.100   0.0109   0.00633   0.00147   0.0001   0.6005   0.6160
   0.200   0.0220   0.00634   0.00147   0.0002   0.5927   0.6234
   0.400   0.0438   0.00634   0.00148   0.0003   0.5772   0.6394
   0.500   0.0546   0.00634   0.00149   0.0005   0.5694   0.6469
   0.600   0.0656   0.00635   0.00149   0.0006   0.5619   0.6550
   0.700   0.0765   0.00636   0.00150   0.0006   0.5537   0.6625
   0.800   0.0873   0.00637   0.00151   0.0008   0.5462   0.6705
   0.900   0.0985   0.00638   0.00152   0.0008   0.5387   0.6780
   1.000   0.1091   0.00639   0.00153   0.0010   0.5307   0.6859
   1.100   0.1202   0.00640   0.00154   0.0010   0.5234   0.6939
   1.200   0.1311   0.00641   0.00155   0.0011   0.5156   0.7013
   1.300   0.1418   0.00643   0.00157   0.0013   0.5080   0.7092
   1.500   0.1636   0.00646   0.00160   0.0015   0.4925   0.7246
   1.600   0.1747   0.00647   0.00162   0.0015   0.4855   0.7324
   1.700   0.1855   0.00649   0.00164   0.0017   0.4772   0.7395
   1.800   0.1963   0.00651   0.00166   0.0018   0.4701   0.7473
   1.900   0.2073   0.00654   0.00168   0.0018   0.4622   0.7547
   2.000   0.2179   0.00657   0.00170   0.0020   0.4543   0.7622
   2.100   0.2290   0.00658   0.00172   0.0021   0.4471   0.7697
   2.200   0.2397   0.00661   0.00175   0.0022   0.4392   0.7767
   2.300   0.2505   0.00664   0.00178   0.0023   0.4321   0.7844
   2.500   0.2721   0.00671   0.00184   0.0026   0.4167   0.7984
   2.600   0.2831   0.00673   0.00186   0.0027   0.4094   0.8056
   2.700   0.2938   0.00678   0.00190   0.0028   0.4013   0.8122
   2.800   0.3046   0.00681   0.00193   0.0029   0.3943   0.8191
   2.900   0.3155   0.00685   0.00196   0.0030   0.3865   0.8260
   3.000   0.3262   0.00690   0.00200   0.0032   0.3791   0.8322
   3.100   0.3369   0.00693   0.00204   0.0033   0.3716   0.8389
   3.300   0.3585   0.00702   0.00211   0.0036   0.3569   0.8513
   3.400   0.3691   0.00708   0.00216   0.0038   0.3491   0.8575
   3.500   0.3798   0.00713   0.00220   0.0039   0.3421   0.8637
   3.600   0.3906   0.00718   0.00224   0.0040   0.3345   0.8692
   3.700   0.4010   0.00725   0.00230   0.0042   0.3268   0.8750
   3.800   0.4118   0.00730   0.00234   0.0043   0.3198   0.8807
   3.900   0.4224   0.00737   0.00239   0.0045   0.3121   0.8859
   4.000   0.4330   0.00742   0.00244   0.0047   0.3053   0.8911
   4.100   0.4435   0.00749   0.00249   0.0049   0.2976   0.8965
   4.200   0.4540   0.00757   0.00254   0.0050   0.2906   0.9016
   4.300   0.4647   0.00763   0.00259   0.0052   0.2834   0.9061
   4.400   0.4749   0.00771   0.00266   0.0054   0.2758   0.9109
   4.500   0.4855   0.00777   0.00271   0.0056   0.2695   0.9158
   4.700   0.5063   0.00794   0.00283   0.0060   0.2554   0.9242
   4.800   0.5168   0.00801   0.00289   0.0062   0.2485   0.9284
   5.000   0.5371   0.00818   0.00301   0.0067   0.2354   0.9372
   5.100   0.5476   0.00828   0.00309   0.0068   0.2282   0.9404
   5.200   0.5582   0.00837   0.00316   0.0070   0.2218   0.9439
   5.300   0.5685   0.00845   0.00323   0.0073   0.2155   0.9477
   5.400   0.5780   0.00857   0.00330   0.0076   0.2085   0.9518
   5.500   0.5888   0.00864   0.00337   0.0077   0.2029   0.9548
   5.600   0.6000   0.00875   0.00345   0.0077   0.1962   0.9574
   5.700   0.6108   0.00886   0.00353   0.0078   0.1901   0.9602
   5.800   0.6214   0.00895   0.00360   0.0080   0.1845   0.9634
   5.900   0.6309   0.00907   0.00368   0.0083   0.1783   0.9671
   6.000   0.6426   0.00916   0.00376   0.0082   0.1729   0.9692
   6.100   0.6551   0.00928   0.00385   0.0079   0.1667   0.9708
   6.200   0.6673   0.00941   0.00395   0.0077   0.1607   0.9726
   6.300   0.6799   0.00951   0.00403   0.0074   0.1556   0.9744
   6.500   0.7038   0.00976   0.00422   0.0070   0.1448   0.9785
   6.600   0.7141   0.00987   0.00431   0.0071   0.1402   0.9812
   6.700   0.7275   0.01002   0.00441   0.0066   0.1344   0.9820
   6.800   0.7417   0.01013   0.00451   0.0059   0.1301   0.9827
   6.900   0.7558   0.01026   0.00461   0.0052   0.1252   0.9833
   7.000   0.7699   0.01041   0.00473   0.0045   0.1199   0.9839
   7.100   0.7842   0.01052   0.00483   0.0038   0.1161   0.9846
   7.200   0.7981   0.01067   0.00494   0.0031   0.1116   0.9853
   7.300   0.8118   0.01081   0.00505   0.0025   0.1074   0.9860
   7.400   0.8257   0.01092   0.00515   0.0018   0.1041   0.9868
   7.500   0.8391   0.01106   0.00527   0.0013   0.1003   0.9877
   7.600   0.8523   0.01121   0.00539   0.0008   0.0965   0.9887
   7.700   0.8657   0.01132   0.00550   0.0002   0.0936   0.9897
   7.800   0.8785   0.01146   0.00561  -0.0002   0.0904   0.9908
   7.900   0.8909   0.01163   0.00575  -0.0006   0.0870   0.9919
   8.000   0.9034   0.01173   0.00585  -0.0009   0.0849   0.9930
   8.100   0.9174   0.01186   0.00597  -0.0016   0.0823   0.9935
   8.200   0.9310   0.01202   0.00610  -0.0022   0.0794   0.9940
   8.300   0.9448   0.01216   0.00623  -0.0029   0.0768   0.9945
   8.400   0.9586   0.01228   0.00634  -0.0035   0.0747   0.9950
   8.500   0.9722   0.01242   0.00647  -0.0041   0.0724   0.9957
   8.600   0.9853   0.01260   0.00661  -0.0047   0.0699   0.9963
   8.700   0.9988   0.01272   0.00674  -0.0053   0.0683   0.9970
   8.800   1.0123   0.01284   0.00686  -0.0058   0.0666   0.9976
   8.900   1.0255   0.01299   0.00699  -0.0064   0.0648   0.9983
   9.000   1.0384   0.01317   0.00715  -0.0069   0.0628   0.9989
   9.100   1.0516   0.01332   0.00730  -0.0074   0.0612   0.9995
   9.200   1.0650   0.01344   0.00742  -0.0080   0.0598   1.0000
   9.300   1.0718   0.01355   0.00753  -0.0072   0.0587   1.0000
   9.400   1.0781   0.01367   0.00764  -0.0063   0.0575   1.0000
   9.500   1.0841   0.01380   0.00777  -0.0054   0.0564   1.0000
   9.600   1.0897   0.01396   0.00792  -0.0044   0.0551   1.0000
   9.700   1.0963   0.01406   0.00803  -0.0035   0.0544   1.0000
   9.800   1.1029   0.01416   0.00814  -0.0027   0.0536   1.0000
   9.900   1.1094   0.01426   0.00825  -0.0018   0.0527   1.0000
  10.000   1.1156   0.01439   0.00837  -0.0009   0.0519   1.0000
  10.100   1.1217   0.01452   0.00850  -0.0000   0.0510   1.0000
  10.200   1.1275   0.01467   0.00864   0.0010   0.0501   1.0000
  10.300   1.1329   0.01485   0.00881   0.0020   0.0491   1.0000
  10.400   1.1393   0.01497   0.00895   0.0029   0.0484   1.0000
  10.500   1.1462   0.01508   0.00906   0.0036   0.0478   1.0000
  10.600   1.1529   0.01519   0.00919   0.0044   0.0471   1.0000
  10.700   1.1595   0.01532   0.00932   0.0052   0.0463   1.0000
  10.800   1.1660   0.01546   0.00947   0.0061   0.0456   1.0000
  10.900   1.1722   0.01562   0.00962   0.0069   0.0449   1.0000
  11.000   1.1781   0.01580   0.00980   0.0078   0.0442   1.0000
  11.100   1.1833   0.01603   0.01001   0.0088   0.0433   1.0000
  11.200   1.1904   0.01615   0.01016   0.0095   0.0429   1.0000
  11.300   1.1977   0.01628   0.01030   0.0101   0.0424   1.0000
  11.400   1.2049   0.01642   0.01045   0.0108   0.0419   1.0000
  11.500   1.2120   0.01657   0.01061   0.0114   0.0413   1.0000
  11.600   1.2190   0.01673   0.01078   0.0121   0.0407   1.0000
  11.700   1.2258   0.01691   0.01096   0.0128   0.0402   1.0000
  11.800   1.2323   0.01711   0.01116   0.0135   0.0396   1.0000
  11.900   1.2383   0.01734   0.01139   0.0143   0.0390   1.0000
  12.000   1.2433   0.01761   0.01166   0.0152   0.0384   1.0000
  12.100   1.2494   0.01779   0.01185   0.0160   0.0380   1.0000
  12.200   1.2560   0.01793   0.01202   0.0167   0.0376   1.0000
  12.300   1.2623   0.01810   0.01220   0.0174   0.0372   1.0000
  12.400   1.2685   0.01827   0.01239   0.0182   0.0368   1.0000
  12.500   1.2747   0.01846   0.01259   0.0189   0.0363   1.0000
  12.600   1.2805   0.01866   0.01280   0.0197   0.0359   1.0000
  12.700   1.2863   0.01888   0.01303   0.0204   0.0355   1.0000
  12.800   1.2918   0.01913   0.01328   0.0212   0.0351   1.0000
  12.900   1.2969   0.01940   0.01356   0.0219   0.0346   1.0000
  13.000   1.3012   0.01972   0.01389   0.0228   0.0342   1.0000
  13.100   1.3046   0.02011   0.01428   0.0237   0.0337   1.0000
  13.200   1.3105   0.02035   0.01455   0.0243   0.0335   1.0000
  13.300   1.3169   0.02058   0.01480   0.0249   0.0332   1.0000
  13.400   1.3230   0.02083   0.01507   0.0254   0.0329   1.0000
  13.500   1.3289   0.02109   0.01535   0.0260   0.0326   1.0000
  13.600   1.3346   0.02137   0.01565   0.0266   0.0323   1.0000
  13.700   1.3402   0.02166   0.01596   0.0271   0.0320   1.0000
  13.800   1.3456   0.02197   0.01629   0.0277   0.0317   1.0000
  13.900   1.3506   0.02230   0.01664   0.0282   0.0314   1.0000
  14.000   1.3555   0.02266   0.01700   0.0288   0.0311   1.0000
  14.100   1.3600   0.02304   0.01740   0.0294   0.0308   1.0000
  14.200   1.3640   0.02347   0.01784   0.0299   0.0305   1.0000
  14.300   1.3673   0.02395   0.01833   0.0305   0.0302   1.0000
  14.400   1.3695   0.02451   0.01891   0.0312   0.0298   1.0000
  14.500   1.3706   0.02517   0.01959   0.0319   0.0295   1.0000
  14.600   1.3763   0.02552   0.01997   0.0322   0.0293   1.0000
  14.700   1.3813   0.02593   0.02041   0.0326   0.0291   1.0000
  14.800   1.3864   0.02633   0.02084   0.0329   0.0289   1.0000
  14.900   1.3910   0.02678   0.02131   0.0332   0.0287   1.0000
  15.000   1.3952   0.02726   0.02182   0.0336   0.0285   1.0000
  15.100   1.3993   0.02776   0.02235   0.0339   0.0282   1.0000
  15.200   1.4032   0.02830   0.02290   0.0342   0.0280   1.0000
  15.300   1.4068   0.02886   0.02349   0.0345   0.0278   1.0000
  15.400   1.4102   0.02945   0.02411   0.0347   0.0276   1.0000
  15.500   1.4133   0.03009   0.02477   0.0350   0.0274   1.0000
  15.600   1.4160   0.03077   0.02547   0.0352   0.0272   1.0000
  15.700   1.4184   0.03149   0.02621   0.0354   0.0270   1.0000
  15.800   1.4201   0.03228   0.02702   0.0355   0.0268   1.0000
  15.900   1.4215   0.03313   0.02789   0.0357   0.0266   1.0000
  16.000   1.4220   0.03407   0.02886   0.0358   0.0264   1.0000
  16.100   1.4218   0.03511   0.02994   0.0358   0.0262   1.0000
  16.200   1.4205   0.03630   0.03115   0.0358   0.0260   1.0000
  16.300   1.4179   0.03763   0.03252   0.0357   0.0258   1.0000
  16.400   1.4182   0.03868   0.03361   0.0356   0.0257   1.0000
  16.500   1.4201   0.03959   0.03456   0.0355   0.0256   1.0000
  16.600   1.4219   0.04052   0.03552   0.0354   0.0255   1.0000
  16.700   1.4231   0.04152   0.03656   0.0352   0.0253   1.0000
  16.800   1.4242   0.04256   0.03763   0.0350   0.0252   1.0000
  16.900   1.4246   0.04368   0.03879   0.0348   0.0251   1.0000
  17.000   1.4249   0.04483   0.03998   0.0345   0.0250   1.0000
  17.100   1.4246   0.04605   0.04124   0.0343   0.0248   1.0000
  17.200   1.4239   0.04733   0.04255   0.0339   0.0247   1.0000
  17.300   1.4231   0.04864   0.04390   0.0336   0.0246   1.0000
  17.400   1.4218   0.05003   0.04533   0.0332   0.0245   1.0000
  17.500   1.4204   0.05145   0.04679   0.0327   0.0244   1.0000
  17.600   1.4185   0.05294   0.04832   0.0322   0.0243   1.0000
  17.700   1.4162   0.05451   0.04992   0.0317   0.0241   1.0000
  17.800   1.4139   0.05609   0.05154   0.0312   0.0240   1.0000
  17.900   1.4110   0.05776   0.05325   0.0306   0.0239   1.0000
  18.000   1.4077   0.05948   0.05501   0.0299   0.0238   1.0000
  18.100   1.4044   0.06123   0.05679   0.0293   0.0237   1.0000
  18.200   1.4004   0.06310   0.05871   0.0286   0.0237   1.0000
  18.300   1.3962   0.06500   0.06065   0.0278   0.0236   1.0000
  18.400   1.3915   0.06700   0.06269   0.0270   0.0235   1.0000
  18.500   1.3863   0.06909   0.06482   0.0261   0.0234   1.0000
  18.600   1.3809   0.07118   0.06695   0.0253   0.0233   1.0000
  18.700   1.3748   0.07342   0.06923   0.0244   0.0232   1.0000
  18.800   1.3685   0.07568   0.07153   0.0234   0.0232   1.0000
  18.900   1.3621   0.07798   0.07386   0.0224   0.0231   1.0000
  19.000   1.3548   0.08046   0.07639   0.0213   0.0230   1.0000
  19.100   1.3479   0.08287   0.07884   0.0203   0.0229   1.0000
  19.200   1.3402   0.08541   0.08142   0.0192   0.0229   1.0000
  19.300   1.3325   0.08796   0.08401   0.0180   0.0228   1.0000
  19.400   1.3244   0.09056   0.08665   0.0169   0.0227   1.0000
  19.500   1.3165   0.09319   0.08932   0.0157   0.0227   1.0000
  19.600   1.3084   0.09583   0.09200   0.0145   0.0226   1.0000
  19.700   1.2999   0.09857   0.09478   0.0132   0.0225   1.0000
  19.800   1.2921   0.10120   0.09745   0.0120   0.0224   1.0000
  19.900   1.2835   0.10396   0.10024   0.0107   0.0223   1.0000
  20.000   1.2783   0.10623   0.10256   0.0097   0.0222   1.0000
  20.100   1.2738   0.10838   0.10475   0.0086   0.0222   1.0000
  20.200   1.2681   0.11078   0.10719   0.0075   0.0221   1.0000
  20.300   1.2635   0.11300   0.10945   0.0064   0.0221   1.0000
  20.400   1.2590   0.11521   0.11169   0.0053   0.0220   1.0000
  20.500   1.2532   0.11766   0.11418   0.0041   0.0220   1.0000
  20.600   1.2488   0.11987   0.11643   0.0030   0.0219   1.0000
  20.700   1.2445   0.12208   0.11867   0.0018   0.0218   1.0000
  20.800   1.2390   0.12452   0.12115   0.0005   0.0218   1.0000
  20.900   1.2347   0.12671   0.12338  -0.0006   0.0217   1.0000
  21.000   1.2309   0.12884   0.12554  -0.0017   0.0216   1.0000
  21.100   1.2255   0.13128   0.12802  -0.0030   0.0215   1.0000
  21.200   1.2213   0.13351   0.13028  -0.0042   0.0215   1.0000
  21.300   1.2179   0.13560   0.13241  -0.0054   0.0214   1.0000
  21.400   1.2140   0.13782   0.13465  -0.0066   0.0213   1.0000
  21.500   1.2095   0.14017   0.13704  -0.0080   0.0212   1.0000
  21.600   1.2062   0.14228   0.13917  -0.0092   0.0211   1.0000
  21.700   1.2035   0.14431   0.14123  -0.0104   0.0210   1.0000
  21.800   1.1999   0.14651   0.14346  -0.0117   0.0209   1.0000
  21.900   1.1960   0.14879   0.14577  -0.0130   0.0208   1.0000
  22.000   1.1933   0.15082   0.14783  -0.0143   0.0207   1.0000
  22.100   1.1910   0.15277   0.14980  -0.0154   0.0206   1.0000
  22.200   1.1883   0.15482   0.15188  -0.0167   0.0205   1.0000
  22.300   1.1847   0.15707   0.15415  -0.0181   0.0205   1.0000
  22.400   1.1823   0.15910   0.15620  -0.0194   0.0204   1.0000
  22.500   1.1805   0.16100   0.15812  -0.0206   0.0203   1.0000
  22.600   1.1789   0.16289   0.16003  -0.0218   0.0202   1.0000
  22.700   1.1766   0.16493   0.16209  -0.0232   0.0201   1.0000
  22.800   1.1740   0.16704   0.16422  -0.0246   0.0200   1.0000
  22.900   1.1724   0.16893   0.16613  -0.0258   0.0199   1.0000
  23.000   1.1715   0.17069   0.16789  -0.0270   0.0198   1.0000
  23.100   1.1710   0.17234   0.16955  -0.0281   0.0197   1.0000
  23.200   1.1709   0.17392   0.17114  -0.0292   0.0195   1.0000
  23.300   1.1711   0.17540   0.17262  -0.0303   0.0194   1.0000
  23.400   1.1718   0.17672   0.17395  -0.0312   0.0192   1.0000
  23.500   1.1702   0.17863   0.17588  -0.0325   0.0191   1.0000
  23.600   1.1666   0.18106   0.17835  -0.0342   0.0191   1.0000
  23.700   1.1645   0.18316   0.18048  -0.0357   0.0190   1.0000
  23.800   1.1620   0.18533   0.18269  -0.0373   0.0189   1.0000
  23.900   1.1589   0.18768   0.18507  -0.0389   0.0189   1.0000
  24.000   1.1547   0.19027   0.18770  -0.0408   0.0188   1.0000
  24.100   1.1521   0.19252   0.18999  -0.0424   0.0187   1.0000
  24.200   1.1493   0.19484   0.19235  -0.0441   0.0186   1.0000
  24.300   1.1449   0.19756   0.19511  -0.0460   0.0185   1.0000
  24.400   1.1409   0.20021   0.19780  -0.0480   0.0184   1.0000
  24.500   1.1378   0.20266   0.20028  -0.0497   0.0183   1.0000
  24.600   1.1337   0.20538   0.20304  -0.0517   0.0181   1.0000
  24.700   1.1284   0.20844   0.20614  -0.0540   0.0180   1.0000
  24.800   1.1250   0.21104   0.20877  -0.0559   0.0179   1.0000
  24.900   1.1205   0.21395   0.21171  -0.0580   0.0177   1.0000
  25.000   1.1147   0.21722   0.21502  -0.0604   0.0176   1.0000
